414312
69052
69052
0
0
0
241682
241682
-207156
-207156
-207156
414312
414312
0
0
0
241682
241682
-345260
-345260
-345260
0
0
-138104
-138104
-138104
-276208
-276208
103578
103578
103578
310734
310734
310734
172630
172630
0
0
0
0
0
207156
207156
207156
345260
345260
217340
207156
207156
241682
241682
241682
276208
276208
138104
138104
138104
-448838
-448838
241682
241682
241682
172630
172630
207156
207156
207156
103578
103578
103578
69052
69052
-345260
-345260
-345260
103578
103578
-276208
-276208
-276208
-138104
-138104
310734
310734
310734
-276208
-276208
-138104
-138104
-138104
0
0
0
-34526
-34526
-552416
-552416
-552416
-34526
-34526
-586942
-586942
-586942
-345260
-345260
-345260
-345260
-345260
-207156
-207156
-138104
-138104
-138104
69052
69052
-97328
-103578
-103578
-207156
-207156
-207156
207156
207156
-103578
-103578
-103578
-207156
-207156
-172630
-172630
-172630
172630
172630
-34526
-34526
-34526
-276208
-276208
-209023
34526
34526
-34526
-34526
-34526
-448838
-448838
-103578
-103578
-103578
-414312
-414312
-138104
-138104
-138104
-69052
-69052
-103578
-103578
-103578
-34526
-34526
-34526
172630
172630
-69052
-69052
-69052
-138104
-138104
-34526
-34526
-34526
-207156
-207156
-138104
-138104
-138104
-207156
-207156
172630
172630
172630
207156
207156
-345260
-345260
-345260
0
0
0
-34526
-34526
69052
69052
69052
-172630
-172630
-241682
-241682
-241682
69052
69052
103578
103578
103578
0
0
0
0
0
138104
138104
138104
69052
69052
-207156
-207156
-207156
-34526
-34526
-310734
-310734
-310734
-103578
-103578
-103578
-103578
-103578
-517890
-517890
69052
-138104
-138104
-103578
-103578
138104
138104
138104
-34526
-34526
-207156
-207156
-207156
103578
103578
133844
172630
172630
-241682
-241682
-241682
-586942
-586942
-552416
-552416
-552416
-241682
-241682
-276208
-276208
-276208
69052
69052
207156
207156
207156
103578
103578
-241682
-241682
-241682
-103578
-103578
-552416
-552416
-552416
-690520
-690520
-690520
-655994
-655994
-310734
-310734
-310734
34526
34526
-69052
-69052
-69052
-517890
-517890
-172630
-172630
-172630
-241682
-241682
34526
34526
34526
483364
483364
483364
0
0
103578
103578
103578
103578
103578
-517890
-517890
-517890
-276208
-276208
-345260
-345260
-345260
-345260
-345260
-207156
-207156
-207156
-345260
-345260
-69052
-69052
-69052
138104
138104
138104
-34526
-34526
0
0
0
-103578
-103578
345260
345260
345260
-310734
-310734
-103578
-103578
-103578
-138104
-138104
-136856
69052
69052
69052
69052
69052
172630
172630
-241682
-241682
-241682
34526
34526
-448838
-448838
-448838
-34526
-34526
69052
69052
69052
-69052
-69052
276208
276208
276208
172630
172630
172630
0
0
69052
69052
69052
379786
379786
34526
34526
34526
-69052
-69052
69052
69052
69052
69052
69052
34526
34526
34526
448838
448838
448838
207156
207156
448838
448838
448838
-34526
-34526
-69052
-69052
-69052
-69052
-69052
-310734
-310734
-310734
-483364
-483364
-483364
-207156
-207156
34526
34526
34526
34526
34526
34526
34526
34526
138104
138104
-414312
-414312
-414312
-310734
-310734
34526
34526
34526
34526
34526
34526
241682
241682
-138104
276208
276208
-276208
-276208
-276208
-241682
-241682
-345260
-345260
-345260
483364
483364
361814
103578
103578
34526
34526
34526
-138104
-138104
-241682
-241682
-241682
-207156
-207156
-103578
-103578
-103578
-69052
-69052
-345260
-345260
-345260
207156
207156
-172630
-172630
-172630
-345260
-345260
-138104
-138104
-138104
-34526
-34526
138104
138104
138104
-34526
-34526
-61587
-69052
-69052
34526
34526
34526
276208
276208
-276208
-276208
-276208
-276208
-276208
34526
34526
34526
-310734
-310734
103578
103578
103578
207156
207156
206062
138104
138104
448838
448838
448838
-172630
-172630
-69052
-69052
-69052
34526
34526
-414312
-414312
-241682
103578
103578
-103578
-103578
-103578
-69052
-69052
-517890
-517890
-517890
-310734
-310734
34526
34526
34526
-34526
-34526
-196892
-241682
-241682
0
0
0
103578
103578
-103578
-103578
-103578
-69052
-69052
-276208
-276208
-276208
-172630
-172630
-138104
-138104
-138104
-207156
-207156
-310734
-310734
-310734
-207156
-207156
-237016
-345260
-345260
-276208
-276208
-276208
0
0
-241682
-241682
-226406
-34526
-34526
345260
345260
345260
34526
34526
-207156
-207156
-207156
69052
69052
69052
69052
69052
207156
207156
-172630
-172630
-172630
138104
138104
35150
34526
34526
-138104
-138104
-138104
138104
138104
-138104
-138104
-138104
276208
276208
69052
69052
69052
-310734
-310734
-207156
-207156
-207156
-138104
-138104
-138104
0
0
-103578
-103578
-103578
-172630
-172630
-34526
-34526
-34526
-34526
-34526
-310734
-310734
-310734
-310734
-310734
69052
69052
-207156
-207156
586942
586942
586942
-34526
-34526
-483364
-483364
-483364
-69052
-69052
-207156
-207156
-207156
103578
103578
-345260
-345260
-345260
138104
138104
-69052
-69052
-69052
-207156
-207156
-274341
-517890
-517890
-310734
-310734
-310734
69052
69052
207156
207156
207156
-69052
-69052
-34526
-34526
-34526
-138104
-138104
34526
34526
34526
172630
172630
172630
241682
241682
172630
172630
172630
138104
138104
379786
379786
379786
-138104
-138104
172630
172630
172630
-414312
-414312
-363701
-34526
-34526
-172630
-172630
-172630
34526
34526
138104
138104
138104
-276208
-276208
-310734
-310734
-310734
-276208
-276208
-138104
-138104
-138104
-34526
-34526
-238400
-241682
-241682
34526
34526
34526
276208
276208
103578
103578
103578
69052
69052
-552416
-552416
-552416
-552416
-552416
34526
34526
34526
448838
448838
103578
103578
103578
379786
379786
379786
0
0
103578
103578
103578
-345260
-345260
276208
276208
276208
276208
276208
34526
34526
34526
310734
310734
114005
-138104
-138104
-103578
-103578
-103578
103578
103578
-34526
-34526
-34526
69052
69052
-172630
-172630
-172630
345260
345260
-69052
-69052
-69052
207156
207156
483364
483364
483364
-103578
-103578
30792
517890
517890
276208
276208
276208
276208
276208
-69052
-69052
-69052
0
0
69052
69052
69052
-138104
-138104
71371
103578
103578
172630
172630
172630
103578
103578
-69052
-69052
-69052
483364
483364
483364
483364
483364
0
0
34526
34526
34526
310734
310734
310734
-34526
-34526
34526
34526
34526
0
0
-69052
-69052
-310734
-310734
-303269
-276208
-276208
-414312
-414312
-414312
-483364
-483364
0
0
0
138104
138104
138104
138104
138104
-448838
-448838
69052
69052
69052
-241682
-241682
-414312
-414312
-414312
-483364
-483364
-241682
-241682
-241682
-517890
-517890
-517890
-448838
-448838
-310734
-310734
-310734
-379786
-379786
-379786
-379786
-379786
-69052
-69052
-448838
-448838
-448838
-276208
-276208
34526
34526
34526
-517890
-517890
-103578
-103578
-103578
-207156
-207156
-310734
-310734
-310734
-207156
-207156
-207156
-483364
-483364
-276208
-276208
-276208
-34526
-34526
-207156
-207156
-207156
34526
34526
172630
172630
172630
34526
34526
-138104
-138104
-138104
34526
34526
34526
517890
517890
138104
138104
138104
-103578
-103578
414312
414312
414312
172630
172630
483364
483364
483364
379786
379786
69052
69052
69052
-138104
-138104
-138104
448838
448838
-69052
-69052
-69052
0
0
138104
138104
138104
-345260
-345260
103578
103578
103578
-34526
-34526
-207156
-207156
-207156
138104
138104
138104
276208
276208
-69052
-69052
-69052
-103578
-103578
-34526
-34526
-34526
-517890
-517890
138104
138104
138104
-34526
-34526
0
0
0
-34526
-34526
-34526
-241682
-241682
-379786
-379786
-379786
0
0
-345260
-345260
-345260
103578
103578
207156
207156
207156
448838
448838
-34526
-34526
-34526
-69052
-69052
-69052
69052
69052
34526
34526
34526
172630
172630
-138104
-138104
-138104
-172630
-172630
34526
34526
34526
34526
34526
34526
-138104
-138104
138104
138104
138104
-379786
-379786
-172630
-276208
-1664
0
0
310734
310734
207156
207156
207156
-34526
-34526
-57531
-207156
-207156
34526
34526
34526
-172630
-172630
-138104
-138104
-138104
276208
276208
-241682
-241682
-241682
-138104
-138104
-172630
-172630
-172630
-172630
-172630
-655994
-655994
-655994
-241682
-241682
-276208
-276208
-276208
-414312
-414312
-69052
-69052
-69052
-483364
-483364
-481908
-241682
-241682
-138104
-138104
-138104
-310734
-310734
-34526
-34526
-34526
448838
448838
207156
207156
207156
-241682
-241682
-69052
-69052
-69052
-241682
-241682
-172630
-172630
-172630
172630
172630
-216395
-276208
-276208
0
0
0
138104
138104
103578
138104
138104
-241682
-241682
-241682
103578
103578
103578
-34526
-34526
103578
103578
103578
172630
172630
138104
138104
138104
-241682
-241682
379786
379786
379786
103578
103578
-194093
-276208
-276208
0
0
0
-103578
-103578
-69052
-69052
-69052
-69052
-69052
-138104
-138104
-138104
-103578
-103578
-69052
-69052
-69052
-34526
-34526
-34526
241682
241682
-276208
-276208
-276208
-34526
-34526
-138104
-138104
-138104
-34526
-34526
138104
138104
138104
-34526
-34526
-138104
-138104
-138104
414312
414312
172630
172630
172630
-103578
-103578
-103578
-276208
-276208
-69052
-69052
-69052
34526
34526
-34526
-34526
-34526
0
0
-241682
-241682
-241682
172630
172630
153237
138104
138104
69052
69052
69052
345260
345260
241682
241682
241682
-241682
-241682
-241682
-241682
-241682
-517890
-517890
-103578
-103578
-103578
-138104
-138104
-138104
-448838
-448838
-310734
-310734
-310734
-69052
-69052
34526
138104
241682
241682
310734
310734
310734
103578
103578
-103578
-103578
-103578
-241682
-241682
-414312
-414312
-414312
-483364
-483364
-69052
-69052
-69052
-69052
-69052
-34526
-34526
-34526
-276208
-276208
-345260
-345260
-345260
-414312
-414312
-103578
-103578
-103578
172630
172630
172630
0
0
-34526
-34526
-34526
69052
69052
379786
379786
379786
276208
276208
0
0
0
-69052
-69052
110498
138104
138104
-448838
-448838
-448838
-241682
-241682
-414312
-414312
-414312
-103578
-103578
-69052
-69052
-69052
103578
103578
-69052
-69052
-69052
-345260
-345260
-379786
-379786
-379786
138104
138104
138104
0
0
-517890
-517890
-517890
-241682
-241682
-276208
-276208
-276208
-207156
-207156
-138104
-138104
-138104
34526
34526
138104
138104
138104
-207156
-207156
-207156
-276208
-276208
-172630
-172630
-172630
-448838
-448838
-103578
-103578
-103578
-379786
-379786
-690520
-690520
-690520
310734
310734
138104
138104
138104
379786
379786
379786
69052
69052
310734
310734
310734
448838
448838
-34526
-34526
-34526
345260
345260
34526
34526
34526
-69052
-69052
-69052
-69052
-69052
276208
276208
276208
-276208
-276208
-138104
-138104
-138104
-310734
-310734
103578
103578
103578
138104
138104
-207156
-207156
-207156
-621468
-621468
34526
34526
34526
345260
345260
345260
69052
69052
-448838
-448838
-448838
69052
69052
-138104
-138104
-138104
-483364
-483364
-138104
-138104
-138104
-276208
-276208
-207156
-207156
-207156
-34526
-34526
241682
241682
241682
207156
207156
207156
241682
241682
-310734
-310734
-310734
-103578
241682
241682
-138104
-138104
-345260
-345260
-345260
-138104
-138104
207156
207156
207156
-207156
-207156
-69052
-69052
-69052
-138104
-138104
69052
69052
69052
448838
448838
448838
-69052
-69052
69052
69052
69052
207156
207156
172630
172630
172630
-345260
-345260
-414312
-414312
-414312
-172630
-172630
-172630
-172630
-172630
-172630
-172630
-149716
138104
138104
-310734
-310734
-310734
138104
138104
-345260
-345260
-345260
34526
34526
-310734
-310734
-310734
-138104
-138104
0
0
0
-69052
-69052
172630
172630
172630
207156
207156
207156
586942
586942
34526
34526
34526
759572
759572
-138104
-138104
-138104
103578
103578
69052
69052
69052
-517890
-517890
-172630
-172630
-172630
-172630
-172630
-172630
-34526
-34526
138104
138104
138104
-276208
-276208
-138104
-138104
-138104
-34526
-34526
0
0
0
-207156
-207156
-207156
-207156
-207156
-207156
-207156
-111216
-103578
-103578
69052
69052
69052
69052
69052
-69052
-69052
-69052
-310734
-310734
34526
34526
34526
0
0
-138104
-138104
-138104
276208
276208
186628
-138104
-138104
103578
103578
103578
448838
448838
276208
276208
276208
138104
138104
34526
34526
34526
310734
310734
483364
483364
483364
103578
103578
103578
379786
379786
276208
276208
276208
0
0
-34526
-34526
-34526
241682
241682
172630
172630
172630
310734
310734
34526
34526
34526
69052
69052
69052
-345260
-345260
69052
69052
69052
586942
586942
-69052
-69052
-69052
345260
345260
-103578
-103578
-103578
172630
172630
241682
241682
241682
103578
103578
172630
172630
345260
345260
345260
586942
586942
207156
725046
725046
690520
690520
690520
138104
138104
207156
207156
207156
828624
828624
794098
794098
794098
172630
172630
207156
207156
517890
621468
557508
552416
552416
586942
586942
586942
276208
276208
586942
586942
586942
483364
483364
552416
552416
552416
586942
586942
586942
586942
586942
448838
448838
448838
690520
690520
276208
276208
276208
690520
690520
621468
621468
621468
241682
241682
759572
759572
759572
759572
759572
759572
517890
517890
448838
448838
448838
172630
172630
690520
690520
690520
34526
34526
2319
-207156
-207156
172630
172630
172630
655994
655994
655994
655994
655994
966728
966728
655994
655994
655994
621468
621468
828624
828624
828624
725046
725046
912854
1001254
1001254
725046
725046
725046
932202
932202
725046
725046
725046
932202
932202
414312
414312
414312
621468
621468
794098
794098
794098
138104
138104
725046
725046
725046
379786
379786
379786
483364
483364
897676
897676
897676
345260
345260
690520
690520
690520
863150
863150
621468
621468
621468
517890
517890
517890
241682
241682
966728
966728
966728
586942
586942
759572
759572
759572
552416
552416
1001254
1001254
1001254
863150
863150
552416
552416
552416
1001254
1001254
934069
690520
690520
517890
517890
517890
483364
483364
828624
828624
828624
586942
586942
586942
586942
586942
794098
794098
690520
690520
690520
725046
725046
725046
517890
517890
759572
759572
759572
483364
483364
414312
414312
414312
897676
897676
655994
655994
-138104
0
0
0
-276208
-276208
0
0
0
-138104
-138104
-379786
-379786
-379786
69052
69052
-6613
-103578
-103578
-138104
-138104
-138104
-207156
-207156
-448838
-448838
-448838
-310734
-310734
-483364
-483364
-483364
-828624
-828624
-276208
-276208
-276208
-207156
-207156
-276208
-276208
-276208
-655994
-655994
-897676
-897676
-897676
-725046
-725046
-690520
-690520
-690520
-276208
-276208
-276208
-103578
-103578
-379786
-379786
-379786
-207156
-207156
-138104
-138104
-138104
-207156
-207156
241682
241682
241682
-379786
-379786
-345260
-345260
-345260
138104
138104
138104
138104
138104
379786
379786
379786
138104
138104
241682
241682
241682
172630
172630
-310734
-310734
-310734
69052
69052
0
0
0
241682
241682
241682
-379786
-379786
-172630
-172630
-172630
241682
241682
310734
310734
310734
103578
103578
138104
138104
138104
-69052
-69052
0
0
0
-138104
-138104
-138104
103578
103578
-138104
-138104
-138104
103578
103578
-241682
-241682
-241682
-34526
-34526
-34526
-34526
-34526
-103578
-103578
-69052
-69052
-69052
-69052
-69052
-34526
-34526
-34526
-379786
-379786
-374316
-34526
-34526
-379786
-379786
-379786
-69052
-69052
-138104
-138104
-138104
-517890
-517890
379786
379786
379786
-69052
-69052
-379786
-379786
-379786
-310734
-310734
-34526
-34526
-34526
-241682
-241682
0
0
0
69052
69052
69052
-207156
-207156
-138104
-138104
-138104
-103578
-103578
103578
103578
103578
34526
34526
-345260
-345260
-345260
103578
103578
310734
310734
310734
0
0
0
207156
207156
-552416
-552416
-552416
-207156
-379786
-379786
0
0
0
-207156
-207156
-448838
-448838
-448838
-103578
-103578
-103578
-34526
-34526
-276208
-276208
-276208
-138104
-138104
-241682
-241682
-241682
34526
34526
-69052
-69052
-69052
-69052
-69052
-69052
-69052
-69052
241682
241682
-276208
-276208
-276208
-34526
-34526
-33276
0
0
-138104
-138104
-138104
-276208
-276208
-241682
-241682
-241682
-310734
-310734
-414312
-414312
-414312
207156
207156
-586942
-586942
-586942
138104
138104
69052
69052
69052
-172630
-172630
-157497
-138104
-138104
-34526
-34526
-34526
-34526
-34526
34526
34526
34526
-483364
-483364
-379786
-379786
-379786
-34526
-34526
-483364
-483364
-483364
-138104
-138104
-241682
-241682
-241682
69052
69052
-379786
-379786
-379786
-103578
-103578
-103578
-276208
-276208
0
0
0
-103578
-103578
-483364
-483364
-483364
-207156
-207156
-414312
-414312
-414312
-34526
-34526
-69052
-69052
-69052
-414312
-414312
-138104
-138104
-138104
-276208
-276208
-276208
-448838
-448838
-725046
-725046
-725046
-207156
-207156
-586942
-586942
-586942
-483364
-483364
-345260
-345260
-345260
-483364
-483364
-448838
-448838
-448838
-310734
-310734
-379786
-379786
-379786
-586942
-586942
-586942
-310734
-310734
-138104
-138104
-138104
-310734
-310734
-69052
-69052
-69052
-483364
-483364
-310734
-310734
-241682
-69052
-69052
-207156
-207156
-138104
-138104
-138104
-276208
-276208
-586942
-586942
-586942
-276208
-276208
-229256
-207156
-207156
-310734
-310734
-310734
-69052
-69052
-103578
-103578
-103578
-34526
-34526
-345260
-345260
-345260
-276208
-276208
-69052
-69052
-39127
-69052
310734
310734
310734
-103578
-103578
0
0
0
172630
172630
276208
276208
276208
-414312
-414312
-103578
-103578
-103578
-276208
-276208
-207156
-207156
-207156
69052
69052
-172630
-172630
-172630
-69052
-69052
-276208
-276208
-276208
69052
69052
69052
-207156
-207156
-69052
-69052
-69052
-241682
-241682
-414312
-414312
-414312
69052
69052
-34526
-34526
-34526
-69052
-69052
-207156
-207156
-207156
-414312
-414312
0
0
0
-517890
-517890
-517890
-34526
-34526
-138104
-138104
-138104
-207156
-207156
-34526
-34526
-34526
517890
517890
-345260
-345260
-345260
-483364
-483364
-138104
-138104
-138104
-414312
-414312
-379786
-379786
-379786
-241682
-241682
-241682
-241682
-241682
34526
34526
34526
34526
34526
-69052
-69052
-69052
-34526
-34526
241682
241682
241682
-241682
-241682
-345260
-345260
-345260
-138104
-138104
-241682
-241682
-241682
-483364
-483364
-276208
-276208
-276208
-276208
-276208
34526
34526
34526
0
0
379786
379786
379786
-138104
-138104
-138104
-586942
-586942
-34526
-34526
-34526
-241682
-241682
103578
103578
103578
-34526
-34526
207156
207156
207156
-34526
-34526
0
0
0
-103578
-103578
-103578
207156
207156
172630
172630
172630
-172630
-172630
-448838
-448838
-448838
-379786
-379786
-138104
-138104
-138104
-138104
-138104
-138104
-138104
-138104
-310734
-310734
0
0
0
172630
172630
172630
-276208
-276208
-172630
-172630
-172630
69052
69052
-138104
-138104
-138104
-345260
-345260
241682
241682
241682
69052
69052
276208
276208
276208
-34526
-34526
-278075
-345260
483364
483364
310734
310734
69052
69052
69052
276208
276208
-34526
-34526
-34526
-172630
-172630
172630
172630
172630
448838
448838
759572
759572
759572
207156
207156
69052
69052
69052
517890
517890
517890
759572
759572
448838
448838
448838
725046
725046
655994
655994
655994
517890
517890
414312
414312
414312
586942
586942
586942
586942
586942
621468
621468
621468
379786
379786
379786
379786
379786
759572
759572
655994
655994
655994
103578
103578
314862
414312
414312
-241682
-241682
-241682
-138104
-138104
34526
34526
34526
69052
69052
448838
448838
448838
34526
34526
379786
379786
379786
-138104
-138104
-34526
-34526
-34526
69052
69052
69052
138104
138104
0
0
0
207156
207156
-34526
-34526
-34526
-69052
-69052
-49659
-34526
-34526
-414312
-414312
-414312
-172630
-172630
-103578
-103578
-103578
-34526
-34526
241682
241682
241682
725046
725046
0
0
0
34526
34526
34526
-138104
-138104
310734
310734
310734
-172630
-172630
276208
276208
276208
-241682
-241682
241682
241682
241682
103578
103578
207156
207156
207156
621468
621468
621468
-69052
-69052
517890
517890
517890
138104
138104
207156
207156
207156
241682
241682
172630
172630
172630
69052
69052
69052
-138104
-138104
-241682
-241682
-241682
172630
172630
-207156
-207156
-207156
-241682
-241682
0
0
0
-310734
-310734
-207156
-207156
-207156
-103578
-103578
207156
207156
207156
138104
138104
38654
-172630
-172630
138104
138104
138104
172630
172630
-172630
-172630
-172630
138104
138104
-552416
-552416
-552416
586942
586942
586942
586942
69052
69052
69052
621468
621468
517890
517890
517890
310734
310734
103578
103578
103578
207156
207156
448838
448838
448838
345260
345260
345260
345260
345260
517890
517890
517890
448838
448838
103578
103578
103578
690520
690520
379786
379786
379786
-138104
-138104
138104
138104
138104
241682
241682
194730
172630
172630
69052
69052
69052
172630
172630
345260
345260
345260
345260
345260
690520
690520
690520
621468
621468
241682
241682
241682
725046
725046
725046
241682
241682
586942
586942
586942
-34526
-34526
-138104
-138104
-138104
276208
276208
345260
345260
345260
517890
517890
310734
310734
310734
517890
517890
462678
103578
103578
448838
448838
448838
552416
552416
552416
552416
552416
690520
690520
655994
655994
655994
414312
414312
207156
207156
207156
483364
483364
483364
448838
448838
414312
517890
345260
345260
345260
345260
345260
483364
483364
347167
172630
172630
276208
276208
276208
552416
552416
172630
172630
241682
103578
103578
80664
-207156
-207156
276208
276208
276208
-34526
-34526
-69052
-69052
-69052
69052
69052
-69052
-69052
-69052
-34526
-34526
172630
172630
172630
69052
69052
-69052
-69052
-69052
-69052
-69052
-69052
-207156
-207156
0
0
0
-103578
-103578
207156
207156
207156
621468
621468
69052
69052
69052
310734
310734
-310734
-310734
-310734
241682
241682
483364
483364
483364
621468
621468
621468
69052
69052
0
0
0
138104
138104
172630
172630
172630
34526
34526
-172630
-172630
-172630
69052
69052
34526
-759572
-759572
-759572
-310734
-310734
-310734
-138104
-138104
-448838
